0,0,11,101,2,
0,0,13,83,1,
0,0,16,97,7,
0,0,17,102,5,
0,0,9,108,2,
0,0,14,99,2,
0,0,13,86,3,
0,0,16,106,4,
0,0,13,105,2,
0,0,20,101,
0,0,7,103,1,
0,0,15,85,1,
0,0,16,109,3,
0,0,9,107,2,
0,0,19,90,3,
0,0,13,83,2,
0,0,15,98,3,
0,0,14,109,3,
0,0,16,90,1,
0,0,11,100,4,
0,0,13,102,1,
0,0,16,92,
0,0,18,100,3,
0,0,14,81,
0,0,18,85,4,
0,0,15,86,1,
0,0,16,96,2,
0,0,15,92,1,
0,0,14,97,2,
0,0,10,96,2,
0,0,17,92,3,
0,0,14,84,4,
0,0,10,82,
0,0,13,86,3,
0,0,14,106,4,
0,0,16,89,
0,0,16,83,
0,0,17,101,1,
0,0,12,96,1,
0,0,19,91,1,
0,0,14,81,2,
0,0,13,90,2,
0,0,14,97,2,
0,0,16,95,3,
0,0,14,99,1,
0,0,12,100,4,
0,0,18,90,2,
0,0,7,83,1,
0,0,12,89,5,
0,0,12,71,1,
0,0,16,94,3,
0,0,17,85,1,
0,0,12,108,
0,0,12,101,
0,0,12,97,
0,0,18,86,2,
0,0,15,108,1,
0,0,11,83,6,
0,0,16,88,2,
0,0,13,97,4,
0,0,8,87,2,
0,0,11,81,3,
0,0,14,92,2,
0,0,17,85,2,
0,0,12,102,6,
0,0,16,100,
0,0,12,70,4,
0,0,19,74,1,
0,0,13,84,4,
0,0,16,104,
0,0,13,86,2,
0,0,18,97,
0,0,15,96,2,
0,0,13,95,3,
0,0,7,85,5,
0,0,15,95,3,
0,0,14,79,2,
0,0,13,92,3,
0,0,15,76,
0,0,4,97,4,
0,0,9,97,1,
0,0,12,91,3,
0,0,14,86,1,
0,0,6,93,
0,0,9,85,2,
0,0,5,82,2,
0,0,11,72,4,
0,0,10,100,4,
0,0,14,99,1,
0,0,20,91,5,
0,0,9,116,2,
0,0,11,80,1,
0,0,14,87,1,
0,0,13,105,2,
0,0,11,91,2,
0,0,12,89,2,
0,0,13,84,4,
0,0,14,77,1,
0,0,9,84,
0,0,15,86,1,
0,0,16,121,2,
0,0,19,93,2,
0,0,13,83,
0,0,12,90,1,
0,0,9,99,1,
0,0,8,108,3,
0,0,12,78,2,
0,0,17,91,5,
0,0,13,66,1,
0,0,13,85,2,
0,0,7,91,
0,0,10,84,2,
0,0,7,101,4,
0,0,19,92,5,
0,0,21,88,1,
0,0,14,79,
0,0,12,82,2,
0,0,9,96,1,
0,0,17,94,1,
0,0,12,93,2,
0,0,9,88,3,
0,0,19,93,2,
0,0,13,82,
0,0,21,76,3,
0,0,14,80,
0,0,19,86,3,
0,0,17,87,3,
0,0,14,93,1,
0,0,15,85,1,
0,0,10,99,3,
0,0,17,77,1,
0,0,20,100,1,
0,0,10,95,1,
0,0,6,92,4,
0,0,8,95,3,
0,0,9,92,3,
0,0,11,79,1,
0,0,18,69,2,
0,0,13,81,2,
0,0,14,77,3,
0,0,15,80,2,
0,0,12,86,3,
0,0,13,85,
0,0,16,104,1,
0,0,8,78,
0,0,15,73,1,
0,0,16,76,2,
0,0,8,115,1,
0,0,16,75,
0,0,10,80,7,
0,0,13,81,3,
0,0,23,83,5,
0,0,12,72,1,
0,0,10,92,
0,0,12,84,5,
0,0,11,80,
0,0,14,83,3,
0,0,19,84,1,
0,0,11,73,2,
0,0,11,85,3,
0,0,22,80,1,
0,0,13,86,6,
0,0,10,69,2,
0,0,12,78,4,
0,0,13,87,
0,0,10,75,3,
0,0,16,74,
0,0,8,76,
0,0,7,100,2,
0,0,11,75,
0,0,14,87,
0,0,15,111,3,
0,0,18,106,5,
0,0,19,104,1,
0,0,15,87,5,
0,0,13,74,2,
0,0,14,86,
0,0,7,94,4,
0,0,11,90,3,
0,0,8,83,
0,0,18,86,2,
0,0,12,72,1,
0,0,13,95,3,
0,0,16,75,2,
0,0,9,75,3,
0,0,9,70,4,
0,0,20,84,4,
0,0,13,91,
0,0,15,65,
0,0,8,99,6,
0,0,10,90,2,
0,0,12,89,
0,0,11,82,2,
0,0,11,83,3,
0,0,16,87,4,
0,0,8,80,4,
0,0,12,89,1,
0,0,13,94,1,
0,0,7,84,
0,0,11,85,
0,0,9,102,1,
0,0,6,78,4,
0,0,10,71,
0,0,14,76,1,
0,0,11,85,4,
0,0,12,81,
0,0,10,81,2,
0,0,12,58,1,
0,0,17,96,
0,0,12,66,1,
0,0,16,79,
0,0,15,99,
0,0,16,80,
0,0,22,88,
0,0,12,101,3,
0,0,9,68,3,
0,0,6,80,3,
0,0,9,84,3,
0,0,7,87,
0,0,13,92,1,
0,0,7,88,1,
0,0,11,97,1,
0,0,12,93,2,
0,0,14,79,
0,0,18,61,1,
0,0,19,91,2,
0,0,10,90,1,
0,0,10,87,1,
0,0,15,59,4,
0,0,15,91,2,
0,0,15,85,1,
0,0,9,95,3,
0,0,16,87,2,
0,0,18,82,
0,0,14,81,10,
0,0,11,92,1,
0,0,8,97,
0,0,10,84,4,
0,0,16,94,
0,0,12,87,3,
0,0,15,90,2,
0,0,17,81,2,
0,0,13,84,1,
0,0,11,70,4,
0,0,15,86,
0,0,15,89,1,
0,0,14,85,2,
0,0,13,82,
0,0,11,66,
0,0,11,87,3,
0,0,16,106,
0,0,10,66,2,
0,0,18,78,3,
0,0,12,90,2,
0,0,12,91,1,
0,0,19,104,4,
0,0,17,93,
0,0,10,85,4,
0,0,13,86,3,
0,0,14,77,5,
0,0,23,90,2,
0,0,19,90,3,
0,0,12,88,4,
0,0,9,96,6,
0,0,15,98,
0,0,12,99,1,
0,0,19,82,1,
0,0,9,93,1,
0,0,6,94,
0,0,13,98,1,
0,0,14,82,3,
0,0,13,90,2,
0,0,16,97,1,
0,0,9,89,1,
0,0,14,92,2,
0,0,12,88,5,
0,0,6,76,
0,0,9,68,
0,0,14,74,6,
0,0,19,72,4,
0,0,13,86,1,
0,0,11,90,2,
0,0,14,72,
0,0,18,86,4,
0,0,14,84,
0,0,9,87,5,
0,0,16,100,
0,0,11,96,3,
0,0,11,86,1,
0,0,12,96,2,
0,0,18,78,1,
0,0,13,82,4,
0,0,19,75,
0,0,8,94,1,
0,0,14,79,4,
0,0,11,94,
0,0,11,89,2,
0,0,22,89,2,
0,0,10,82,
0,0,11,90,4,
0,0,15,91,
0,0,11,90,
0,0,12,86,4,
0,0,15,98,
0,0,11,79,3,
0,0,11,81,2,
0,0,16,103,
0,0,13,73,
0,0,13,93,6,
0,0,16,83,3,
0,0,14,83,2,
0,0,11,73,7,
0,0,17,83,6,
0,0,11,96,1,
0,0,9,90,3,
0,0,7,80,1,
0,0,17,91,5,
0,0,16,82,
0,0,15,86,4,
0,0,14,71,3,
0,0,10,82,
0,0,14,83,2,
0,0,8,83,4,
0,0,14,112,2,
0,0,11,94,5,
0,0,14,83,1,
0,0,18,88,1,
0,0,10,93,2,
0,0,15,99,5,
0,0,14,87,2,
0,0,18,81,1,
0,0,18,90,
0,0,14,65,
0,0,13,84,2,
0,0,8,97,
0,0,13,83,4,
0,0,11,90,4,
0,0,7,86,4,
0,0,16,89,3,
0,0,14,95,2,
0,0,15,89,
0,0,14,81,
0,0,14,79,2,
0,0,8,93,5,
0,0,13,85,2,
0,0,22,96,2,
0,0,14,88,2,
0,0,18,81,6,
0,0,7,106,1,
0,0,12,78,4,
0,0,14,97,3,
0,0,10,78,6,
0,0,7,92,2,
0,0,16,91,
0,0,9,74,
0,0,14,87,2,
0,0,10,88,3,
0,0,12,76,1,
0,0,11,94,2,
0,0,13,82,2,
0,0,11,84,3,
0,0,8,81,2,
0,0,13,59,2,
0,0,14,63,1,
0,0,15,109,3,
0,0,13,88,2,
0,0,12,77,3,
0,0,11,84,4,
0,0,23,90,
0,0,14,79,
0,0,20,87,2,
0,0,16,89,1,
0,0,11,82,
0,0,7,86,2,
0,0,15,74,
0,0,8,88,1,
0,0,19,89,2,
0,0,15,90,3,
0,0,14,75,
0,0,11,73,
0,0,9,80,1,
0,0,13,94,4,
0,0,19,88,
0,0,6,84,1,
0,0,14,92,1,
0,0,12,74,1,
0,0,18,73,
0,0,11,65,
0,0,13,79,1,
0,0,8,56,3,
0,0,7,63,
0,0,9,61,1,
0,0,12,76,3,
0,0,11,74,
0,0,14,72,1,
0,0,9,77,2,
0,0,12,77,2,
0,0,8,78,1,
0,0,8,71,2,
0,0,8,60,4,
0,0,14,64,
0,0,15,77,
0,0,7,60,4,
0,0,10,78,
0,0,15,70,1,
0,0,10,58,1,
0,0,15,77,2,
0,0,5,78,
0,0,13,53,1,
0,0,12,69,1,
0,0,7,65,
0,0,8,74,
0,0,13,69,3,
0,0,10,61,
0,0,5,63,
0,0,16,70,
0,0,13,76,
0,0,6,65,2,
0,0,13,62,3,
0,0,11,65,5,
0,0,6,79,
0,0,8,79,2,
0,0,12,66,
0,0,9,65,3,
0,0,13,84,1,
0,0,14,64,2,
0,0,13,75,
0,0,12,62,2,
0,0,15,64,
0,0,17,67,1,
0,0,14,71,
0,0,12,66,1,
0,0,15,66,2,
0,0,13,88,
0,0,10,66,
0,0,13,71,2,
0,0,8,67,1,
0,0,12,77,1,
0,0,12,75,1,
0,0,8,68,1,
0,0,11,63,2,
0,0,8,63,1,
0,0,11,65,1,
0,0,11,74,3,
0,0,11,82,1,
0,0,14,69,1,
0,0,7,69,3,
0,0,15,64,
0,0,13,73,2,
0,0,10,68,1,
0,0,10,57,
0,0,12,74,1,
0,0,10,73,1,
0,0,9,60,1,
0,0,7,66,2,
0,0,6,68,1,
0,0,13,66,1,
0,0,13,66,2,
0,0,6,70,
0,0,10,64,
0,0,10,63,6,
0,0,5,76,1,
0,0,13,79,1,
0,0,9,84,1,
0,0,10,74,
0,0,5,85,
0,0,7,66,1,
0,0,11,90,4,
0,0,11,72,
0,0,15,83,1,
0,0,13,76,5,
0,0,12,75,
0,0,10,72,
0,0,15,73,
0,0,12,94,4,
0,0,15,76,
0,0,17,67,3,
0,0,9,95,6,
0,0,14,69,1,
0,0,13,77,
0,0,6,83,3,
0,0,8,79,2,
0,0,11,72,2,
0,0,12,86,
0,0,10,65,3,
0,0,18,70,2,
0,0,12,69,
0,0,9,90,3,
0,0,10,68,
0,0,18,97,
0,0,10,105,5,
0,0,10,72,2,
0,0,14,83,
0,0,11,106,3,
0,0,7,85,3,
0,0,15,83,2,
0,0,9,80,
0,0,11,88,3,
0,0,14,77,2,
0,0,8,84,4,
0,0,7,87,1,
0,0,21,101,2,
0,0,19,75,2,
0,0,11,90,2,
0,0,19,71,2,
0,0,17,90,4,
0,0,13,84,3,
0,0,15,75,5,
0,0,8,89,3,
0,0,11,91,
0,0,18,75,
0,0,18,84,4,
0,0,9,78,
0,0,11,92,
0,0,14,92,4,
0,0,18,85,3,
0,0,19,84,1,
0,0,16,95,
0,0,14,106,1,
0,0,10,99,4,
0,0,15,82,
0,0,8,75,
0,0,10,87,
0,0,16,83,
0,0,3,83,4,
0,0,11,89,
0,0,13,96,
0,0,8,86,
0,0,14,84,3,
0,0,15,83,4,
0,0,15,81,3,
0,0,17,90,2,
0,0,17,78,
0,0,18,94,1,
0,0,19,77,
0,0,7,88,4,
0,0,10,84,2,
0,0,13,103,
0,0,19,77,1,
0,0,16,79,
0,0,16,96,1,
0,0,12,88,4,
0,0,12,71,
0,0,14,95,2,
0,0,12,81,1,
0,0,13,86,
0,0,14,91,
0,0,14,86,
0,0,15,78,4,
0,0,12,94,1,
0,0,22,89,2,
0,0,14,88,1,
0,0,11,108,3,
0,0,9,95,2,
0,0,12,83,2,
0,0,16,68,1,
0,0,12,62,1,
0,0,11,68,3,
0,0,11,92,1,
0,0,9,62,1,
0,0,11,81,2,
0,0,8,64,
0,0,9,60,1,
0,0,5,72,2,
0,0,17,69,2,
0,0,12,81,3,
0,0,15,72,
0,0,5,73,1,
0,0,12,73,
0,0,9,70,2,
0,0,8,76,3,
0,0,14,93,
0,0,6,66,2,
0,0,14,68,2,
0,0,15,60,
0,0,12,72,4,
0,0,10,69,1,
0,0,17,77,
0,0,9,68,
0,0,12,69,
0,0,7,61,1,
0,0,11,76,2,
0,0,9,65,
0,0,15,54,4,
0,0,8,88,
0,0,11,76,
0,0,12,67,1,
0,0,12,75,
0,0,11,70,3,
0,0,10,63,2,
0,0,6,75,2,
0,0,15,73,4,
0,0,12,61,2,
0,0,8,80,1,
0,0,7,92,2,
0,0,10,69,
0,0,17,88,
0,0,10,71,2,
0,0,8,83,2,
0,0,10,81,3,
0,0,16,65,1,
0,0,13,91,
0,0,11,89,
0,0,5,95,
0,0,12,72,
0,0,11,98,4,
0,0,5,64,3,
0,0,11,70,2,
0,0,8,89,
0,0,10,81,2,
0,0,10,76,2,
0,0,14,66,1,
0,0,8,87,
0,0,5,84,1,
0,0,11,78,1,
0,0,9,85,
0,0,12,90,1,
0,0,13,92,
0,0,11,95,1,
0,0,15,83,4,
0,0,11,67,1,
0,0,14,77,2,
0,0,23,77,1,
0,0,18,72,2,
0,0,13,86,1,
0,0,10,90,1,
0,0,9,76,2,
0,0,15,76,1,
0,0,7,81,2,
0,0,7,86,
0,0,9,94,
0,0,14,82,
0,0,15,88,5,
0,0,10,74,1,
0,0,10,95,1,
0,0,11,80,1,
0,0,20,81,1,
0,0,8,88,1,
0,0,10,70,1,
0,0,6,73,
0,0,8,79,5,
0,0,11,82,4,
0,0,7,81,1,
0,0,12,82,1,
0,0,10,89,3,
0,0,10,80,
0,0,11,64,
0,0,13,79,3,
0,0,12,68,2,
0,0,13,72,2,
0,0,10,77,3,
0,0,8,82,3,
0,0,10,73,1,
0,0,15,78,
0,0,7,83,1,
0,0,8,90,2,
0,0,9,75,
0,0,11,58,
0,0,16,91,3,
0,0,11,72,
0,0,15,82,
0,0,8,81,2,
0,0,10,82,5,
0,0,19,81,1,
0,0,10,79,4,
0,0,16,60,3,
0,0,13,91,
0,0,19,71,
0,0,9,87,
0,0,12,94,2,
0,0,10,84,
0,0,23,65,1,
0,0,15,86,
0,0,14,65,3,
0,0,8,76,3,
0,0,10,80,
0,0,14,85,1,
0,0,11,69,1,
0,0,15,73,2,
0,0,8,77,3,
0,0,12,75,3,
0,0,17,69,4,
0,0,8,70,3,
0,0,10,73,4,
0,0,10,73,1,
0,0,8,83,2,
0,0,14,95,2,
0,0,12,72,2,
0,0,10,80,1,
0,0,11,75,5,
0,0,17,74,1,
0,0,12,74,2,
0,0,15,89,1,
0,0,12,92,1,
0,0,10,79,1,
0,0,8,79,
0,0,23,84,
0,0,12,87,3,
0,0,8,71,
0,0,9,72,2,
0,0,8,85,3,
0,0,7,67,4,
0,0,18,76,
0,0,11,72,1,
0,0,18,64,3,
0,0,13,63,3,
0,0,5,76,1,
0,0,10,85,1,
0,0,15,72,3,
0,0,11,78,
0,0,12,69,3,
0,0,8,77,2,
0,0,9,74,6,
0,0,14,90,2,
0,0,11,92,1,
0,0,20,74,4,
0,0,5,84,2,
0,0,9,95,1,
0,0,10,88,3,
0,0,15,105,3,
0,0,7,80,2,
0,0,13,63,3,
0,0,10,85,1,
0,0,9,91,
0,0,10,76,2,
0,0,12,73,3,
0,0,10,70,
0,0,16,76,2,
0,0,18,74,
0,0,7,71,
0,0,9,78,
0,0,18,63,2,
0,0,15,82,2,
0,0,11,80,
0,0,9,81,2,
0,0,18,75,
0,0,15,83,2,
0,0,11,75,1,
0,0,15,88,2,
0,0,11,73,4,
0,0,10,65,2,
0,0,10,74,4,
0,0,10,84,3,
0,0,11,76,
0,0,9,73,
0,0,12,69,
0,0,7,88,
0,0,8,89,
0,0,13,89,
0,0,14,70,1,
0,0,13,86,
0,0,8,97,
0,0,8,74,
0,0,10,63,2,
0,0,11,81,1,
0,0,11,86,4,
0,0,10,93,1,
0,0,9,81,5,
0,0,7,87,1,
0,0,9,78,2,
0,0,10,72,2,
0,0,11,69,1,
0,0,14,59,2,
0,0,4,79,7,
0,0,18,68,
0,0,14,61,
0,0,10,67,
0,0,7,64,1,
0,0,11,70,2,
0,0,8,61,
0,0,6,86,2,
0,0,9,65,1,
0,0,14,87,1,
0,0,16,69,
0,0,12,76,
0,0,14,78,2,
0,0,8,62,1,
0,0,18,86,2,
0,0,8,76,
0,0,11,57,
0,0,7,60,2,
0,0,12,73,2,
0,0,15,75,3,
0,0,15,56,1,
0,0,17,63,2,
0,0,15,69,5,
0,0,10,78,3,
0,0,14,66,
0,0,11,75,1,
0,0,7,92,1,
0,0,16,61,2,
0,0,14,61,
0,0,12,83,4,
0,0,18,84,1,
0,0,10,67,1,
0,0,13,68,4,
0,0,10,62,2,
0,0,9,80,
0,0,16,69,1,
0,0,14,64,2,
0,0,13,66,1,
0,0,11,82,2,
0,0,10,90,3,
0,0,8,80,1,
0,0,8,71,2,
0,0,10,89,1,
0,0,11,72,4,
0,0,9,80,1,
0,0,7,70,1,
0,0,15,62,4,
0,0,12,86,2,
0,0,10,87,3,
0,0,12,63,2,
0,0,10,70,2,
0,0,10,63,1,
0,0,8,72,1,
0,0,9,70,
0,0,8,78,4,
0,0,13,67,1,
0,0,14,69,3,
0,0,14,74,2,
0,0,9,90,
0,0,11,77,4,
0,0,17,87,
0,0,11,74,
0,0,16,70,1,
0,0,10,57,1,
0,0,5,75,1,
0,0,7,63,
0,0,11,58,
0,0,11,96,1,
0,0,11,63,3,
0,0,11,79,1,
0,0,7,69,1,
0,0,11,77,2,
0,0,19,67,2,
0,0,10,74,
0,0,11,69,1,
0,0,12,68,1,
0,0,11,56,
0,0,10,77,1,
0,0,13,70,
0,0,10,66,3,
0,0,17,62,2,
0,0,16,91,3,
0,0,12,73,
0,0,10,85,1,
0,0,13,68,1,
0,0,7,83,3,
0,0,11,74,1,
0,0,9,68,3,
0,0,9,70,3,
0,0,20,90,2,
0,0,13,105,4,
0,0,7,91,2,
0,0,9,86,
0,0,10,106,1,
0,0,13,89,2,
0,0,11,82,
0,0,8,80,1,
0,0,12,94,3,
0,0,13,101,
0,0,14,80,
0,0,18,85,2,
0,0,18,67,3,
0,0,13,76,1,
0,0,10,76,
0,0,8,73,1,
0,0,11,75,2,
0,0,10,67,
0,0,10,63,3,
0,0,14,72,
0,0,5,81,6,
0,0,12,76,
0,0,15,84,2,
0,0,10,61,3,
0,0,12,75,5,
0,0,21,73,1,
0,0,13,70,2,
0,0,16,60,3,
0,0,13,58,3,
0,0,10,67,
0,0,12,74,
0,0,10,75,1,
0,0,11,68,4,
0,0,11,76,2,
0,0,9,67,1,
0,0,10,62,5,
0,0,12,75,1,
0,0,13,66,1,
0,0,9,61,2,
0,0,11,75,4,
0,0,13,76,2,
0,0,13,71,3,
0,0,8,74,
0,0,8,53,4,
0,0,9,84,
0,0,12,67,4,
0,0,12,58,
0,0,14,62,1,
0,0,8,81,3,
0,0,10,77,1,
0,0,13,86,
0,0,21,66,
0,0,7,67,1,
0,0,9,70,1,
0,0,11,81,
0,0,14,71,3,
0,0,12,62,5,
0,0,12,71,1,
0,0,7,58,2,
0,0,12,65,2,
0,0,11,59,5,
0,0,13,66,
0,0,16,78,2,
0,0,12,76,
0,0,15,54,1,
0,0,13,69,1,
0,0,11,68,3,
0,0,10,84,
0,0,12,68,
0,0,8,75,3,
0,0,4,76,2,
0,0,11,67,
0,0,15,62,3,
0,0,22,95,1,
0,0,10,83,2,
0,0,7,70,3,
0,0,5,86,1,
0,0,13,88,
0,0,10,82,3,
0,0,15,88,1,
0,0,15,77,
0,0,8,69,3,
0,0,7,67,2,
0,0,12,76,
0,0,10,84,
0,0,10,68,5,
0,0,9,68,
0,0,12,70,4,
0,0,6,80,1,
0,0,9,86,2,
0,0,10,75,
0,0,20,65,2,
0,0,11,82,1,
0,0,17,66,2,
0,0,12,74,2,
0,0,12,71,3,
0,0,9,76,2,
0,0,16,76,1,
0,0,16,69,1,
0,0,10,80,1,
0,0,11,77,
0,0,13,76,3,
0,0,12,70,4,
0,0,10,79,1,
0,0,11,70,1,
0,0,14,69,1,
0,0,14,82,
0,0,11,72,1,
0,0,14,68,2,
0,0,18,66,1,
0,0,7,77,1,
0,0,9,90,
0,0,22,74,6,
0,0,10,75,4,
0,0,13,75,3,
0,0,9,76,2,
0,0,9,78,2,
0,0,9,74,2,
0,0,12,76,
0,0,10,69,2,
0,0,4,87,2,
0,0,16,70,1,
0,0,8,86,
0,0,19,76,
0,0,10,92,1,
0,0,5,84,
0,0,13,67,2,
0,0,13,70,2,
0,0,12,58,1,
0,0,10,73,
0,0,11,78,3,
0,0,8,71,5,
0,0,11,81,2,
0,0,14,78,2,
0,0,15,71,
0,0,16,93,1,
0,0,9,78,3,
0,0,12,63,2,
0,0,10,61,2,
0,0,13,95,2,
0,0,10,74,2,
0,0,16,85,2,
0,0,18,75,2,
0,0,12,83,2,
0,0,17,93,6,
0,0,16,94,4,
0,0,15,97,1,
0,0,17,82,4,
0,0,16,90,2,
0,0,15,73,1,
0,0,7,91,1,
0,0,15,83,
0,0,16,97,3,
0,0,8,82,2,
0,0,11,77,2,
0,0,12,87,2,
0,0,13,90,6,
0,0,12,81,5,
0,0,15,83,3,
0,0,11,102,5,
0,0,5,91,2,
0,0,15,88,3,
0,0,11,87,2,
0,0,15,74,3,
0,0,12,96,1,
0,0,15,85,3,
0,0,13,90,2,
0,0,12,83,6,
0,0,10,89,3,
0,0,9,88,2,
0,0,6,83,1,
0,0,17,77,
0,0,17,75,3,
0,0,15,87,3,
0,0,15,67,4,
0,0,12,81,2,
0,0,18,107,2,
0,0,17,74,5,
0,0,15,78,2,
0,0,16,77,3,
0,0,14,78,3,
0,0,15,95,1,
0,0,17,92,1,
0,0,16,89,1,
0,0,17,89,2,
0,0,9,95,
0,0,13,86,3,
0,0,13,90,2,
0,0,16,74,
0,0,13,110,1,
0,0,16,75,1,
0,0,12,103,2,
0,0,19,102,3,
0,0,12,95,2,
0,0,11,99,3,
0,0,26,82,3,
0,0,8,82,1,
0,0,9,84,3,
0,0,13,91,2,
0,0,10,93,2,
0,0,7,78,1,
0,0,16,85,1,
0,0,11,87,1,
0,0,8,88,2,
0,0,12,72,2,
0,0,9,79,2,
0,0,16,101,3,
0,0,21,74,2,
0,0,11,97,2,
0,0,16,82,
0,0,13,88,3,
0,0,13,84,
0,0,11,82,1,
0,0,7,69,2,
0,0,11,83,1,
0,0,13,73,1,
0,0,10,78,
0,0,11,80,4,
0,0,11,67,4,
0,0,18,73,1,
0,0,12,88,2,
0,0,10,67,1,
0,0,16,85,
0,0,11,76,3,
0,0,16,72,
0,0,20,72,1,
0,0,18,56,
0,0,14,70,
0,0,13,69,1,
0,0,12,62,4,
0,0,7,74,
0,0,11,83,3,
0,0,19,66,4,
0,0,10,76,2,
0,0,19,83,1,
0,0,17,78,1,
0,0,14,85,
1,0,5,75,
0,0,13,69,2,
0,0,18,64,
0,0,13,64,
0,0,12,69,2,
0,0,8,60,1,
0,0,10,70,
0,0,15,79,1,
0,0,15,79,2,
0,0,19,98,4,
0,0,16,77,3,
0,0,10,100,6,
0,0,16,96,1,
0,0,14,82,6,
0,0,11,71,1,
0,0,11,74,
0,0,14,53,1,
0,0,5,58,3,
0,0,6,70,
0,0,8,77,
0,0,13,58,
0,0,16,68,
0,0,10,54,1,
0,0,4,69,1,
0,0,11,51,
0,0,10,76,
0,0,19,74,
0,0,8,68,3,
0,0,16,83,1,
0,0,13,63,
0,0,11,67,4,
0,0,9,70,
0,0,15,67,4,
0,0,10,80,2,
0,0,9,60,1,
0,0,13,72,2,
0,0,14,58,
0,0,14,81,5,
0,0,15,64,1,
0,0,11,77,3,
0,0,15,68,
0,0,14,69,3,
0,0,11,72,2,
0,0,11,68,2,
0,0,15,84,2,
0,0,7,64,2,
0,0,9,67,1,
0,0,8,63,1,
0,0,13,70,2,
0,0,14,79,1,
0,0,19,68,
0,0,6,55,1,
0,0,9,77,2,
0,0,7,69,2,
0,0,10,75,
0,0,3,57,1,
0,0,11,58,
0,0,8,67,2,
0,0,15,67,
0,0,15,81,3,
0,0,6,64,2,
0,0,17,68,1,
0,0,12,66,
0,0,12,87,2,
0,0,13,76,2,
0,0,11,67,2,
0,0,7,83,1,
0,0,9,71,1,
0,0,12,89,
0,0,14,66,1,
0,0,10,70,
0,0,17,61,
0,0,8,76,3,
0,0,8,75,2,
0,0,11,63,2,
0,0,7,71,1,
0,0,7,72,5,
0,0,16,74,1,
0,0,13,80,
0,0,13,72,1,
0,0,12,65,1,
0,0,13,82,2,
0,0,15,67,1,
0,0,13,72,3,
0,0,12,80,
0,0,16,60,
0,0,7,73,2,
0,0,6,63,1,
0,0,18,72,3,
0,0,17,61,2,
0,0,15,66,3,
0,0,11,78,1,
0,0,6,71,1,
0,0,14,79,
0,0,8,56,1,
0,0,10,70,1,
0,0,10,55,2,
0,0,9,74,1,
0,0,16,77,
0,0,8,61,
0,0,10,73,
0,0,14,58,1,
0,0,15,64,
0,0,12,63,1,
0,0,8,59,
0,0,13,65,
0,0,9,64,3,
0,0,10,74,1,
0,0,8,74,1,
0,0,16,60,4,
0,0,14,75,1,
0,0,7,64,
0,0,11,65,1,
0,0,12,76,
0,0,18,68,1,
0,0,6,72,4,
0,0,9,62,1,
0,0,5,64,4,
0,0,12,66,
0,0,9,80,2,
0,0,6,54,
0,0,12,68,
0,0,19,69,1,
0,0,13,59,1,
0,0,12,77,1,
0,0,11,74,3,
0,0,17,78,
0,0,14,63,
0,0,8,76,2,
0,0,12,66,1,
0,0,15,80,1,
0,0,5,80,1,
0,0,8,66,6,
0,0,10,81,
0,0,12,87,2,
0,0,22,84,
0,0,10,75,1,
0,0,8,71,1,
0,0,20,59,2,
0,0,12,74,
0,0,15,65,
0,0,17,74,
0,0,12,67,1,
0,0,16,73,
0,0,15,76,2,
0,0,14,59,
0,0,12,59,1,
0,0,6,79,2,
0,0,14,65,
0,0,12,59,2,
0,0,9,68,3,
0,0,13,62,2,
0,0,11,63,2,
0,0,9,79,
0,0,8,62,4,
0,0,15,65,3,
0,0,3,52,1,
0,0,13,68,
0,0,6,59,
0,0,14,61,
0,0,10,70,2,
0,0,12,62,2,
0,0,6,75,
0,0,18,73,1,
0,0,7,79,1,
0,0,19,66,
0,0,10,60,
0,0,14,65,3,
0,0,10,75,3,
0,0,9,65,1,
0,0,11,50,1,
0,0,10,78,3,
0,0,8,80,2,
0,0,14,67,
0,0,16,67,1,
0,0,13,68,1,
0,0,12,55,3,
0,0,16,80,
0,0,11,70,2,
0,0,13,75,2,
0,0,11,64,2,
0,0,10,74,2,
0,0,10,74,3,
0,0,12,61,
0,0,18,81,2,
0,0,13,65,
0,0,7,89,2,
0,0,12,71,
0,0,10,76,1,
0,0,20,60,4,
0,0,6,65,
0,0,8,80,1,
0,0,7,65,1,
0,0,9,63,1,
0,0,11,71,1,
0,0,10,69,
0,0,12,77,
0,0,7,67,2,
0,0,13,87,2,
0,0,13,82,3,
0,0,14,75,
0,0,15,65,3,
0,0,13,65,
0,0,8,73,3,
0,0,11,72,3,
0,0,16,99,
0,0,15,83,
0,0,13,77,
0,0,8,69,
0,0,7,88,1,
0,0,8,75,1,
0,0,9,57,1,
0,0,15,73,
0,0,13,56,1,
0,0,10,72,2,
0,0,13,67,2,
0,0,10,72,4,
0,0,19,65,4,
0,0,11,54,2,
0,0,6,71,
0,0,11,65,3,
0,0,8,63,2,
0,0,4,63,
0,0,6,77,
0,0,5,61,1,
0,0,8,58,
0,0,10,72,
0,0,8,81,2,
0,0,13,77,1,
0,0,5,74,3,
0,0,7,66,
0,0,15,77,2,
0,0,10,70,
0,0,8,76,1,
0,0,11,57,1,
0,0,5,77,2,
0,0,14,82,1,
0,0,14,79,1,
0,0,17,74,1,
0,0,4,82,1,
0,0,12,82,2,
0,0,14,54,3,
0,0,7,87,
0,0,11,68,1,
0,0,11,67,1,
0,0,13,54,
0,0,7,69,1,
0,0,14,63,
0,0,8,94,1,
0,0,14,68,4,
0,0,8,92,1,
0,0,8,82,2,
0,0,7,66,1,
0,0,14,71,1,
0,0,6,75,2,
0,0,10,62,
0,0,7,83,5,
0,0,9,79,2,
0,0,10,88,3,
0,0,11,64,2,
0,0,4,68,
0,0,6,67,
0,0,13,55,3,
0,0,15,64,3,
0,0,11,75,
0,0,10,84,1,
0,0,9,81,1,
0,0,16,81,1,
0,0,12,67,1,
0,0,9,63,1,
0,0,20,64,
0,0,5,61,3,
0,0,11,89,1,
0,0,6,69,
0,0,13,64,
0,0,8,82,3,
0,0,13,68,3,
0,0,13,80,1,
0,0,7,59,2,
0,0,6,72,
0,0,12,78,1,
0,0,10,69,2,
0,0,6,67,1,
0,0,15,68,1,
0,0,18,80,
0,0,14,55,1,
0,0,8,62,1,
0,0,16,72,2,
0,0,15,68,3,
0,0,16,75,1,
0,0,17,65,2,
0,0,9,73,1,
0,0,9,60,4,
0,0,16,87,1,
0,0,13,61,2,
0,0,9,73,1,
0,0,9,71,1,
0,0,6,60,
0,0,10,55,
0,0,11,61,3,
0,0,14,72,2,
0,0,9,65,1,
0,0,8,63,
0,0,13,72,1,
0,0,11,80,2,
0,0,9,65,1,
0,0,9,71,
0,0,7,70,3,
0,0,14,59,
0,0,7,68,
0,0,17,75,
0,0,13,66,2,
0,0,16,51,2,
0,0,17,83,2,
0,0,16,70,
0,0,9,67,1,
0,0,13,73,
0,0,12,65,
0,0,12,69,
0,0,14,56,
0,0,8,59,4,
0,0,9,71,3,
0,0,13,58,
0,0,15,75,1,
0,0,10,76,4,
0,0,11,81,
0,0,7,67,1,
0,0,14,73,2,
0,0,11,72,2,
0,0,15,68,
0,0,12,75,2,
0,0,8,60,1,
0,0,20,61,2,
0,0,10,65,4,
0,0,13,68,1,
0,0,13,71,1,
0,0,13,68,2,
0,0,7,87,2,
0,0,12,71,1,
0,0,15,76,
0,0,7,54,1,
0,0,6,72,2,
0,0,12,69,2,
0,0,11,72,1,
0,0,12,60,4,
0,0,9,67,2,
0,0,10,64,4,
0,0,17,52,
0,0,3,61,4,
0,0,8,74,2,
0,0,15,91,
0,0,15,61,1,
0,0,15,79,
0,0,11,66,3,
0,0,8,71,4,
0,0,11,83,3,
0,0,12,70,7,
0,0,8,61,1,
0,0,6,74,1,
0,0,12,63,
0,0,15,84,
0,0,10,75,
0,0,10,62,2,
0,0,10,77,2,
0,0,12,63,
0,0,7,77,3,
0,0,15,71,1,
0,0,19,66,2,
0,0,18,60,2,
0,0,17,70,1,
0,0,10,70,
0,0,9,73,
0,0,16,65,2,
0,0,11,76,2,
0,0,12,76,2,
0,0,11,55,3,
0,0,17,70,
0,0,15,77,5,
0,0,12,77,3,
0,0,12,82,
0,0,14,73,
0,0,21,71,
0,0,11,62,
0,0,7,65,
0,0,6,65,1,
0,0,9,63,2,
0,0,13,77,5,
0,0,14,71,1,
0,0,10,79,
0,0,19,67,3,
0,0,11,69,3,
0,0,14,71,2,
0,0,5,60,
0,0,6,67,2,
0,0,11,81,2,
0,0,9,74,2,
0,0,14,70,3,
0,0,12,94,2,
0,0,7,81,2,
0,0,16,76,6,
0,0,5,63,2,
0,0,12,72,1,
0,0,16,75,
0,0,5,81,
0,0,16,82,1,
0,0,13,73,1,
0,0,14,66,1,
0,0,12,75,
0,0,11,68,
0,0,9,72,2,
0,0,14,85,1,
0,0,8,63,1,
0,0,5,80,
0,0,10,78,2,
0,0,16,57,1,
0,0,8,74,
0,0,11,77,3,
0,0,12,74,
0,0,10,75,4,
0,0,9,79,
0,0,7,63,
0,0,8,53,
0,0,8,62,3,
0,0,12,71,2,
0,0,18,80,3,
0,0,9,61,
0,0,11,76,
0,0,10,81,
0,0,6,70,3,
0,0,15,63,
0,0,9,82,2,
0,0,6,61,
0,0,6,63,2,
0,0,7,64,3,
0,0,11,76,3,
0,0,11,75,1,
0,0,14,87,
0,0,19,94,3,
0,0,13,93,3,
0,0,9,104,4,
0,0,17,88,3,
0,0,12,82,4,
0,0,13,72,4,
0,0,17,99,2,
0,0,14,104,3,
0,0,19,80,
0,0,14,91,3,
0,0,11,81,1,
0,0,21,83,
0,0,19,86,1,
0,0,17,97,2,
0,0,16,102,1,
0,0,14,82,
0,0,12,98,
0,0,13,94,2,
0,0,23,84,2,
0,0,20,82,3,
0,0,8,90,2,
0,0,18,79,1,
0,0,17,96,2,
0,0,18,86,
0,0,12,86,2,
0,0,8,88,1,
0,0,14,91,5,
0,0,16,113,
0,0,13,102,4,
0,0,17,96,2,
0,0,19,100,3,
0,0,14,96,3,
0,0,15,82,3,
0,0,14,88,3,
0,0,10,97,2,
0,0,12,90,
0,0,16,101,
0,0,15,77,5,
0,0,14,85,4,
0,0,15,78,3,
0,0,12,91,4,
0,0,12,81,
0,0,10,95,2,
0,0,11,92,3,
0,0,10,97,3,
0,0,12,77,
0,0,22,89,6,
0,0,18,93,3,
0,0,17,97,3,
0,0,9,101,1,
0,0,8,79,4,
0,0,9,91,1,
0,0,15,89,
0,0,12,102,1,
0,0,15,82,3,
0,0,14,102,2,
0,0,13,98,4,
0,0,20,102,3,
0,0,18,89,2,
0,0,13,104,3,
0,0,15,98,
0,0,10,93,1,
0,0,10,90,1,
0,0,15,94,5,
0,0,11,105,2,
0,0,9,99,5,
0,0,12,89,4,
0,0,12,99,
0,0,17,93,1,
0,0,13,88,5,
0,0,18,99,2,
0,0,13,72,3,
0,0,12,85,2,
0,0,20,103,4,
0,0,16,76,
0,0,13,91,3,
0,0,9,90,2,
0,0,12,85,2,
0,0,13,96,1,
0,0,12,90,4,
0,0,13,76,
0,0,10,84,4,
0,0,6,95,3,
0,0,23,82,
0,0,14,87,
0,0,12,99,3,
0,0,10,80,1,
0,0,14,91,4,
0,0,15,85,2,
0,0,17,107,1,
0,0,19,104,1,
0,0,14,122,4,
0,0,10,88,3,
0,0,15,94,
0,0,9,87,3,
0,0,10,85,1,
0,0,7,88,2,
0,0,11,105,1,
0,0,12,89,5,
0,0,11,116,1,
0,0,13,84,2,
0,0,12,89,1,
0,0,19,81,5,
0,0,21,94,
0,0,11,100,3,
0,0,19,91,6,
0,0,15,102,2,
0,0,16,100,4,
0,0,12,81,3,
0,0,14,86,4,
0,0,17,101,1,
0,0,18,105,3,
0,0,14,92,2,
0,0,10,89,4,
0,0,11,95,
0,0,11,98,
0,0,9,103,2,
0,0,16,76,2,
0,0,13,98,
0,0,10,107,3,
0,0,13,85,3,
0,0,8,89,
0,0,19,89,1,
0,0,10,97,1,
0,0,16,88,3,
0,0,19,96,1,
0,0,21,107,1,
0,0,18,70,1,
0,0,15,100,2,
0,0,6,98,4,
0,0,10,87,1,
0,0,14,91,3,
0,0,15,87,1,
0,0,18,95,2,
0,0,10,98,1,
0,0,11,84,3,
0,0,8,98,
0,0,21,84,4,
0,0,24,84,
0,0,9,100,6,
0,0,13,102,1,
0,0,10,94,3,
0,0,11,109,2,
0,0,19,80,1,
0,0,16,102,2,
0,0,15,102,2,
0,0,13,109,1,
0,0,19,89,
0,0,14,88,2,
0,0,14,86,1,
0,0,8,84,2,
0,0,8,95,3,
0,0,12,85,
0,0,8,90,4,
0,0,12,85,1,
0,0,13,89,
0,0,19,98,
0,0,11,102,1,
0,0,23,103,
0,0,17,93,1,
0,0,13,91,4,
0,0,11,82,3,
0,0,12,95,
0,0,13,88,
0,0,27,81,2,
0,0,13,112,1,
0,0,14,106,1,
0,0,7,98,2,
0,0,17,94,
0,0,11,119,1,
0,0,8,88,2,
0,0,22,71,2,
0,0,11,90,
0,0,24,82,2,
0,0,12,94,3,
0,0,16,104,
0,0,21,97,
0,0,16,96,1,
0,0,10,98,2,
0,0,13,87,
0,0,19,102,1,
0,0,13,97,2,
0,0,20,90,5,
0,0,11,102,6,
0,0,11,121,1,
0,0,12,90,5,
0,0,14,106,3,
0,0,10,95,
0,0,9,91,5,
0,0,19,111,1,
0,0,16,113,2,
0,0,16,91,2,
0,0,11,83,2,
0,0,14,82,1,
0,0,17,93,3,
0,0,18,114,2,
0,0,9,79,3,
0,0,12,90,2,
0,0,14,104,4,
0,0,13,84,3,
0,0,11,88,1,
0,0,12,92,2,
0,0,23,98,2,
0,0,14,84,5,
0,0,18,91,2,
0,0,13,91,
0,0,12,100,2,
0,0,16,92,4,
0,0,12,102,3,
0,0,17,87,
0,0,12,92,2,
0,0,17,87,2,
0,0,19,105,2,
0,0,8,93,1,
0,0,16,106,
0,0,14,84,2,
0,0,11,110,
0,0,19,89,3,
0,0,10,90,3,
0,0,19,103,2,
0,0,12,78,
0,0,13,90,
0,0,11,94,5,
0,0,9,101,1,
0,0,9,82,3,
0,0,20,86,1,
0,0,8,93,
0,0,11,87,5,
0,0,12,79,3,
0,0,17,84,3,
0,0,17,99,2,
0,0,18,96,3,
0,0,16,87,3,
0,0,21,103,3,
0,0,16,82,3,
0,0,18,95,1,
0,0,9,92,
0,0,20,75,1,
0,0,14,89,2,
0,0,12,104,5,
0,0,16,85,2,
0,0,14,78,1,
0,0,20,89,
0,0,13,88,2,
0,0,7,66,5,
0,0,14,90,3,
0,0,14,85,5,
0,0,13,88,
0,0,14,96,
0,0,11,99,
0,0,16,80,4,
0,0,18,103,3,
0,0,19,91,
0,0,15,97,2,
0,0,13,96,1,
0,0,14,87,
0,0,16,85,
0,0,10,91,
0,0,9,83,2,
0,0,10,97,1,
0,0,15,105,2,
0,0,13,103,1,
0,0,9,85,
0,0,13,91,4,
0,0,16,91,2,
0,0,19,110,1,
0,0,18,96,6,
0,0,16,92,
0,0,12,106,3,
0,0,10,78,2,
0,0,6,97,2,
0,0,11,104,3,
0,0,13,67,3,
0,0,18,76,
0,0,14,104,1,
0,0,7,102,2,
0,0,15,90,2,
0,0,12,87,10,
0,0,9,93,
0,0,11,102,
0,0,12,92,1,
0,0,17,78,3,
0,0,9,98,4,
0,0,13,89,4,
0,0,19,85,4,
0,0,14,101,2,
0,0,19,91,4,
0,0,20,89,1,
0,0,17,74,2,
0,0,16,89,
0,0,11,80,1,
0,0,13,103,2,
0,0,10,94,4,
0,0,14,99,4,
0,0,15,97,
0,0,11,92,1,
0,0,24,102,5,
0,0,13,110,4,
0,0,10,99,2,
0,0,12,98,
0,0,17,98,1,
0,0,12,115,5,
0,0,17,78,1,
0,0,13,93,4,
0,0,17,101,2,
0,0,13,101,3,
0,0,8,110,3,
0,0,16,104,3,
0,0,17,94,3,
0,0,11,71,
0,0,9,95,1,
0,0,12,77,4,
0,0,12,68,2,
0,0,15,79,2,
0,0,11,70,1,
0,0,14,75,
0,0,7,75,
0,0,13,74,1,
0,0,23,60,1,
0,0,10,86,1,
0,0,11,83,1,
0,0,13,85,1,
0,0,10,73,
0,0,10,74,2,
0,0,13,77,
0,0,10,70,1,
0,0,18,77,1,
0,0,19,85,1,
0,0,12,72,
0,0,16,83,
0,0,13,78,1,
0,0,15,81,3,
0,0,12,69,3,
0,0,7,80,
0,0,9,85,2,
0,0,8,65,1,
0,0,14,81,3,
0,0,17,69,3,
0,0,21,84,
0,0,12,64,1,
0,0,19,89,1,
0,0,12,69,4,
0,0,14,78,1,
0,0,14,73,1,
0,0,6,79,1,
0,0,10,76,4,
0,0,13,74,5,
0,0,9,89,3,
0,0,18,72,
0,0,11,82,
0,0,14,56,2,
0,0,15,100,2,
0,0,7,73,2,
0,0,7,79,2,
0,0,16,87,2,
0,0,18,80,3,
0,0,11,75,
0,0,11,77,
0,0,12,73,
0,0,22,91,4,
0,0,12,90,2,
0,0,20,86,1,
0,0,8,88,1,
0,0,13,86,4,
0,0,12,90,
0,0,18,94,5,
0,0,11,90,1,
0,0,10,112,
0,0,12,98,2,
0,0,14,98,1,
0,0,17,80,
0,0,17,90,2,
0,0,14,83,4,
0,0,8,81,4,
0,0,14,99,4,
0,0,13,106,1,
0,0,12,96,2,
0,0,17,99,
0,0,11,90,4,
0,0,16,97,4,
0,0,11,96,2,
0,0,14,110,6,
0,0,8,71,4,
0,0,15,93,2,
0,0,13,74,1,
0,0,13,93,4,
0,0,17,72,4,
0,0,20,96,4,
0,0,12,85,1,
0,0,9,95,
0,0,15,96,1,
0,0,13,107,2,
0,0,19,99,2,
0,0,13,94,2,
0,0,13,92,
0,0,18,92,2,
0,0,12,87,6,
0,0,12,92,3,
0,0,15,101,3,
0,0,17,85,4,
0,0,10,92,1,
0,0,21,93,2,
0,0,18,109,2,
0,0,18,90,
0,0,14,93,2,
0,0,17,101,4,
0,0,16,85,4,
0,0,11,86,4,
0,0,7,101,6,
0,0,10,91,3,
0,0,18,102,5,
0,0,14,92,
0,0,15,71,
0,0,14,79,
0,0,17,94,
0,0,14,84,4,
0,0,16,91,
0,0,6,91,2,
0,0,11,94,1,
0,0,9,83,2,
0,0,20,92,1,
0,0,10,89,1,
0,0,13,85,
0,0,20,87,3,
0,0,11,80,2,
0,0,11,56,
0,0,13,77,3,
0,0,14,70,
0,0,13,66,
0,0,9,83,2,
0,0,16,83,
0,0,9,70,
0,0,12,58,4,
0,0,10,70,5,
0,0,18,87,
0,0,10,71,3,
0,0,12,94,3,
0,0,11,88,4,
0,0,10,102,1,
0,0,11,77,1,
0,0,7,82,3,
0,0,13,70,2,
0,0,13,65,
0,0,18,86,6,
0,0,8,82,1,
0,0,12,69,2,
0,0,8,66,7,
0,0,15,70,
0,0,13,82,5,
0,0,17,72,4,
0,0,15,73,4,
0,0,13,71,2,
0,0,15,74,2,
0,0,16,67,1,
0,0,10,89,1,
0,0,14,70,3,
0,0,17,80,
0,0,21,85,5,
0,0,8,110,1,
0,0,19,75,1,
0,0,5,83,2,
0,0,14,78,2,
0,0,12,74,
0,0,15,80,3,
0,0,10,79,1,
0,0,17,59,1,
0,0,13,95,1,
0,0,5,80,1,
0,0,9,88,4,
0,0,16,67,1,
0,0,13,77,2,
0,0,12,82,2,
0,0,18,67,
0,0,12,86,1,
0,0,8,72,1,
0,0,13,89,4,
0,0,12,77,2,
0,0,14,96,3,
0,0,17,76,3,
0,0,8,80,
0,0,13,79,2,
0,0,11,81,2,
0,0,12,76,4,
0,0,11,82,4,
0,0,16,93,
0,0,14,82,3,
0,0,14,66,1,
0,0,15,74,3,
0,0,17,78,1,
0,0,5,79,2,
0,0,12,72,3,
0,0,8,78,3,
0,0,11,77,3,
0,0,11,71,
0,0,17,74,1,
0,0,16,82,3,
0,0,5,75,
0,0,12,90,1,
0,0,4,91,2,
0,0,13,84,1,
0,0,16,79,2,
0,0,12,76,4,
0,0,6,71,3,
0,0,7,87,3,
0,0,12,71,1,
0,0,17,83,3,
0,0,17,95,
0,0,13,94,4,
0,0,10,82,3,
0,0,14,86,6,
0,0,12,77,4,
0,0,16,72,5,
0,0,11,81,1,
0,0,12,78,1,
0,0,17,79,2,
0,0,9,85,1,
0,0,12,75,
0,0,14,99,
0,0,24,84,5,
0,0,8,72,3,
0,0,16,68,2,
0,0,8,86,1,
0,0,16,65,2,
0,0,9,80,5,
0,0,12,84,3,
0,0,12,84,3,
0,0,15,89,4,
0,0,15,81,1,
0,0,12,85,3,
0,0,14,65,4,
0,0,13,101,1,
0,0,14,84,
0,0,9,71,2,
0,0,12,90,1,
0,0,5,78,5,
0,0,11,97,2,
0,0,15,87,1,
0,0,13,90,2,
0,0,12,80,1,
0,0,7,68,7,
0,0,16,90,2,
0,0,6,80,1,
0,0,12,77,3,
0,0,9,80,
0,0,13,67,5,
0,0,14,74,4,
0,0,7,103,2,
0,0,15,75,3,
0,0,14,68,2,
0,0,9,88,2,
0,0,9,83,3,
0,0,8,93,
0,0,6,75,2,
0,0,10,98,5,
0,0,9,55,
0,0,10,84,2,
0,0,11,91,
0,0,16,69,1,
0,0,13,82,2,
0,0,8,76,4,
0,0,13,85,1,
0,0,7,71,1,
0,0,13,80,
0,0,11,83,3,
0,0,10,89,2,
0,0,13,81,1,
0,0,12,77,5,
0,0,14,72,
0,0,13,79,
0,0,10,65,1,
0,0,11,93,1,
0,0,10,80,1,
0,0,11,76,
0,0,11,81,
0,0,12,83,2,
0,0,14,84,3,
0,0,18,69,1,
0,0,7,69,1,
0,0,15,66,4,
0,0,6,88,6,
0,0,11,79,2,
0,0,11,80,2,
0,0,10,81,
0,0,11,75,1,
0,0,15,64,1,
0,0,11,78,2,
0,0,14,62,1,
0,0,9,74,1,
0,0,16,71,
0,0,9,74,
0,0,13,84,1,
0,0,10,83,
0,0,8,73,7,
0,0,11,72,
0,0,13,59,3,
0,0,12,81,2,
0,0,7,73,1,
0,0,10,76,
0,0,13,67,4,
0,0,12,74,2,
0,0,9,75,2,
0,0,7,80,1,
0,0,11,83,
0,0,9,78,3,
0,0,12,75,
0,0,15,82,5,
0,0,14,83,1,
0,0,14,82,
0,0,18,87,6,
0,0,14,84,1,
0,0,10,66,2,
0,0,16,89,
0,0,15,80,4,
0,0,9,78,2,
0,0,9,88,1,
0,0,8,75,2,
0,0,13,87,
0,0,17,73,4,
0,0,9,83,
0,0,8,84,3,
0,0,18,81,5,
0,0,13,74,1,
0,0,18,84,2,
0,0,7,86,
0,0,9,87,
0,0,7,83,2,
0,0,16,88,4,
0,0,12,79,
0,0,14,59,1,
0,0,13,69,3,
0,0,8,92,1,
0,0,5,85,5,
0,0,9,83,7,
0,0,11,82,2,
0,0,11,71,3,
0,0,6,83,
0,0,6,79,1,
0,0,9,74,4,
0,0,14,79,2,
0,0,14,81,
0,0,13,81,2,
0,0,9,90,2,
0,0,7,86,5,
0,0,14,94,1,
0,0,21,73,2,
0,0,15,88,
0,0,15,77,2,
0,0,6,82,2,
0,0,11,78,1,
0,0,9,70,1,
0,0,4,77,1,
0,0,8,78,4,
0,0,10,93,
0,0,16,77,6,
0,0,11,73,4,
0,0,12,75,2,
0,0,6,75,1,
0,0,12,77,3,
0,0,9,86,2,
0,0,11,81,
0,0,10,89,2,
0,0,10,84,
0,0,6,76,
0,0,17,66,7,
0,0,13,93,
0,0,8,91,4,
0,0,10,83,3,
0,0,11,74,1,
0,0,12,67,1,
0,0,15,73,3,
0,0,15,83,
0,0,15,93,
0,0,17,72,3,
0,0,15,75,1,
0,0,15,90,3,
0,0,8,68,
0,0,10,76,
0,0,10,72,4,
0,0,12,90,
0,0,15,72,3,
0,0,16,69,6,
0,0,12,79,3,
0,0,9,86,5,
0,0,14,87,2,
0,0,11,76,
0,0,17,70,2,
0,0,18,63,1,
0,0,11,83,2,
0,0,17,69,1,
0,0,13,75,2,
0,0,10,65,
0,0,11,82,1,
0,0,9,70,3,
0,0,17,69,3,
0,0,7,79,1,
0,0,8,86,1,
0,0,12,81,
0,0,7,95,
0,0,13,67,3,
0,0,11,91,1,
0,0,10,75,7,
0,0,9,70,1,
0,0,14,83,2,
0,0,11,67,3,
0,0,11,79,1,
0,0,14,82,1,
0,0,9,83,1,
0,0,12,71,1,
0,0,10,84,2,
0,0,21,87,1,
0,0,11,97,2,
0,0,14,89,2,
0,0,14,62,3,
0,0,14,76,
0,0,12,71,
0,0,8,68,
0,0,13,72,1,
0,0,8,62,4,
0,0,11,70,
0,0,12,88,4,
0,0,11,90,2,
0,0,12,72,
0,0,12,75,1,
0,0,10,90,1,
0,0,13,80,2,
0,0,9,83,
0,0,11,76,1,
0,0,15,72,1,
0,0,10,80,1,
0,0,11,84,4,
0,0,11,73,3,
0,0,11,85,5,
0,0,7,84,
0,0,12,82,4,
0,0,15,81,2,
0,0,13,91,4,
0,0,7,89,2,
0,0,15,85,
0,0,14,81,
0,0,18,57,1,
0,0,15,94,2,
0,0,15,90,
0,0,5,74,1,
0,0,12,75,2,
0,0,12,87,1,
0,0,14,80,
0,0,14,73,
0,0,13,61,
0,0,19,85,
0,0,16,83,3,
0,0,10,104,1,
0,0,7,81,3,
0,0,14,76,2,
0,0,17,93,3,
0,0,10,82,1,
0,0,13,80,1,
0,0,16,101,1,
0,0,20,73,
0,0,13,78,2,
0,0,8,96,
0,0,20,66,
0,0,16,74,4,
0,0,14,69,2,
0,0,13,87,3,
0,0,10,78,
0,0,13,90,2,
0,0,14,67,
0,0,13,79,1,
0,0,7,64,1,
0,0,10,65,1,
0,0,14,81,1,
0,0,10,72,
0,0,7,69,2,
0,0,14,66,1,
0,0,10,91,1,
0,0,11,83,1,
0,0,8,81,4,
0,0,11,94,2,
0,0,14,86,
0,0,13,80,2,
0,0,9,73,3,
0,0,12,69,4,
0,0,13,84,2,
0,0,15,94,3,
0,0,13,84,1,
0,0,9,70,1,
0,0,10,67,3,
0,0,14,67,1,
0,0,16,84,3,
0,0,16,86,3,
0,0,7,89,3,
0,0,17,73,3,
0,0,13,86,1,
0,0,16,60,1,
0,0,13,79,2,
0,0,13,80,3,
0,0,16,70,1,
0,0,14,72,2,
0,0,9,78,
0,0,13,86,2,
0,0,12,78,1,
0,0,10,83,
0,0,12,82,2,
0,0,10,72,
0,0,17,80,1,
0,0,11,84,3,
0,0,13,76,
0,0,5,79,3,
0,0,15,88,1,
0,0,19,92,2,
0,0,11,72,
0,0,7,85,1,
0,0,11,76,2,
0,0,14,78,1,
0,0,9,71,
0,0,12,65,2,
0,0,17,73,2,
0,0,10,89,1,
0,0,16,77,3,
0,0,15,73,1,
0,0,10,83,7,
0,0,14,84,3,
0,0,10,79,5,
0,0,18,81,2,
0,0,14,81,
0,0,18,79,
0,0,12,81,3,
0,0,11,76,1,
0,0,10,101,
0,0,16,76,2,
0,0,13,73,1,
0,0,6,79,1,
0,0,9,83,3,
0,0,13,73,2,
0,0,11,80,2,
0,0,10,75,2,
0,0,18,65,2,
0,0,13,78,1,
0,0,7,82,2,
0,0,12,87,1,
0,0,8,74,1,
0,0,17,83,2,
0,0,9,75,1,
0,0,11,77,7,
0,0,12,78,2,
0,0,18,78,1,
0,0,9,83,3,
0,0,8,60,
0,0,11,87,1,
0,0,23,75,1,
0,0,13,77,
0,0,15,89,1,
0,0,14,68,3,
0,0,16,80,
0,0,7,68,
0,0,17,70,1,
0,0,12,90,5,
0,0,12,99,1,
0,0,13,71,
0,0,11,85,2,
0,0,18,85,1,
0,0,16,89,
0,0,8,86,2,
0,0,12,64,
0,0,12,93,1,
0,0,18,70,2,
0,0,8,95,
0,0,11,89,7,
0,0,8,84,2,
0,0,14,76,1,
0,0,8,83,
0,0,11,94,
0,0,14,79,2,
0,0,11,66,2,
0,0,13,80,4,
0,0,14,78,2,
0,0,10,79,3,
0,0,16,82,1,
0,0,12,78,2,
0,0,6,89,3,
0,0,8,86,1,
0,0,6,82,1,
0,0,12,81,2,
0,0,12,83,
0,0,10,66,
0,0,16,71,1,
0,0,8,83,
0,0,17,80,3,
0,0,6,64,
0,0,9,70,2,
0,0,12,98,1,
0,0,10,72,
0,0,12,75,2,
0,0,21,73,3,
0,0,7,101,2,
0,0,6,75,
0,0,18,79,
0,0,20,76,1,
0,0,11,67,7,
0,0,10,89,
0,0,15,83,1,
0,0,14,71,4,
0,0,14,62,1,
0,0,8,71,
0,0,13,84,1,
0,0,15,70,3,
0,0,8,91,1,
0,0,13,96,3,
0,0,8,63,2,
0,0,11,94,1,
0,0,13,63,
0,0,14,87,1,
0,0,11,83,1,
0,0,15,80,3,
0,0,16,81,4,
0,0,8,77,1,
0,0,14,77,3,
0,0,13,70,1,
0,0,11,85,1,
0,0,18,63,
0,0,3,67,2,
0,0,11,70,2,
0,0,10,85,1,
0,0,16,81,
0,0,7,69,4,
0,0,13,83,2,
0,0,11,76,3,
0,0,10,84,2,
0,0,8,76,2,
0,0,12,74,
0,0,9,79,
0,0,10,72,1,
0,0,11,64,3,
0,0,12,76,1,
0,0,7,96,2,
0,0,9,69,
0,0,8,90,3,
0,0,14,85,
0,0,11,83,4,
0,0,13,66,
0,0,11,68,3,
0,0,7,86,2,
0,0,12,84,2,
0,0,14,87,3,
0,0,11,85,
0,0,10,78,1,
0,0,14,81,1,
0,0,13,84,2,
0,0,10,82,1,
0,0,16,84,2,
0,0,8,73,3,
0,0,20,81,1,
0,0,12,102,5,
0,0,9,79,
0,0,10,84,
0,0,14,78,3,
0,0,13,76,
0,0,16,75,2,
0,0,15,81,1,
0,0,13,74,2,
0,0,8,88,5,
0,0,18,85,
0,0,10,102,2,
0,0,15,86,2,
0,0,11,90,
0,0,10,71,
0,0,18,59,1,
0,0,12,79,2,
0,0,18,79,1,
0,0,14,85,2,
0,0,14,79,2,
0,0,20,91,
0,0,9,80,
0,0,15,63,
0,0,12,68,4,
0,0,15,88,2,
0,0,12,90,3,
0,0,15,78,2,
0,0,11,81,3,
0,0,14,76,1,
0,0,9,70,3,
0,0,10,75,5,
0,0,5,91,
0,0,17,77,2,
0,0,5,95,3,
0,0,10,79,5,
0,0,14,89,2,
0,0,10,83,3,
0,0,12,65,2,
0,0,8,95,3,
0,0,10,68,2,
0,0,15,87,3,
0,0,11,70,
0,0,15,62,2,
0,0,15,85,2,
0,0,11,84,2,
0,0,10,70,
0,0,7,80,1,
0,0,15,87,3,
0,0,12,83,3,
0,0,6,100,1,
0,0,13,83,3,
0,0,11,72,
0,0,12,79,1,
0,0,14,73,1,
0,0,16,78,
0,0,9,67,3,
0,0,22,78,1,
0,0,14,80,5,
0,0,16,72,1,
0,0,7,90,1,
0,0,10,70,3,
0,0,13,80,1,
0,0,12,89,4,
0,0,21,72,3,
0,0,16,74,2,
0,0,13,76,1,
0,0,12,90,1,
0,0,13,76,2,
0,0,13,86,2,
0,0,14,77,2,
0,0,6,69,1,
0,0,11,87,2,
0,0,15,88,1,
0,0,7,61,1,
0,0,7,72,2,
0,0,12,80,2,
0,0,13,74,3,
0,0,8,74,
0,0,13,87,3,
0,0,13,83,2,
0,0,16,80,3,
0,0,13,75,
0,0,15,76,1,
0,0,14,77,
0,0,18,96,1,
0,0,19,79,2,
0,0,16,87,2,
0,0,14,69,1,
0,0,17,83,3,
0,0,9,86,1,
0,0,17,79,1,
0,0,8,64,3,
0,0,13,68,2,
0,0,10,98,1,
0,0,15,70,3,
0,0,17,81,5,
0,0,10,74,3,
0,0,5,74,2,
0,0,10,61,1,
0,0,9,76,2,
0,0,11,83,2,
0,0,12,70,
0,0,13,81,1,
0,0,15,58,1,
0,0,16,80,2,
0,0,7,68,1,
0,0,13,87,2,
0,0,10,67,2,
0,0,7,69,
0,0,14,71,5,
0,0,16,73,2,
0,0,12,72,5,
0,0,18,70,4,
0,0,18,98,5,
0,0,11,81,2,
0,0,6,90,
0,0,13,82,2,
0,0,7,76,6,
0,0,9,73,
0,0,15,64,
0,0,15,74,1,
0,0,15,85,4,
0,0,12,68,2,
0,0,19,80,2,
0,0,11,70,
0,0,12,78,2,
0,0,15,66,
0,0,12,73,2,
0,0,16,71,4,
0,0,10,79,
0,0,11,85,3,
0,0,11,91,2,
0,0,10,72,4,
0,0,16,75,1,
0,0,7,82,
0,0,4,79,
0,0,15,74,4,
0,0,12,74,1,
0,0,19,87,3,
0,0,10,94,1,
0,0,7,73,
0,0,11,74,2,
0,0,10,92,
0,0,12,91,1,
0,0,14,93,4,
0,0,12,95,2,
0,0,11,78,3,
0,0,11,84,3,
0,0,12,82,1,
0,0,20,89,2,
0,0,19,84,2,
0,0,20,69,1,
0,0,12,78,1,
0,0,25,84,1,
0,0,12,67,2,
0,0,12,75,1,
0,0,9,48,2,
0,0,12,79,3,
0,0,16,76,
0,0,6,96,1,
0,0,18,91,2,
0,0,13,71,
0,0,6,90,
0,0,15,70,2,
0,0,10,83,2,
0,0,13,75,1,
0,0,17,69,
0,0,5,72,4,
0,0,11,83,
0,0,19,76,3,
0,0,15,79,2,
0,0,17,81,3,
0,0,15,87,5,
0,0,13,66,2,
0,0,3,87,1,
0,0,10,67,2,
0,0,8,59,
0,0,15,75,4,
0,0,15,84,2,
0,0,12,102,3,
0,0,16,82,2,
0,0,13,70,1,
0,0,8,85,4,
0,0,5,87,2,
0,0,15,75,1,
0,0,4,69,1,
0,0,18,64,6,
0,0,15,82,2,
0,0,8,87,3,
0,0,10,89,1,
0,0,11,82,2,
0,0,6,79,4,
0,0,16,71,3,
0,0,9,82,1,
0,0,9,85,2,
0,0,11,63,1,
0,0,6,79,3,
0,0,13,75,2,
0,0,9,91,3,
0,0,12,88,4,
0,0,16,80,1,
0,0,4,86,1,
0,0,9,89,1,
0,0,8,72,1,
0,0,13,75,
0,0,15,75,
0,0,14,86,2,
0,0,10,89,1,
0,0,7,72,5,
0,0,19,83,1,
0,0,7,97,
0,0,10,81,4,
0,0,10,82,1,
0,0,11,72,3,
0,0,13,87,1,
0,0,15,82,1,
0,0,21,65,1,
0,0,11,83,1,
0,0,17,78,
0,0,11,81,3,
0,0,11,81,1,
0,0,9,69,
0,0,12,82,1,
0,0,8,73,2,
0,0,8,94,4,
0,0,12,82,2,
0,0,10,80,7,
0,0,13,68,4,
0,0,15,67,
0,0,8,74,1,
0,0,12,77,1,
0,0,10,83,
0,0,15,68,2,
0,0,13,84,
0,0,17,60,3,
0,0,9,92,1,
0,0,14,80,3,
0,0,11,106,2,
0,0,15,88,1,
0,0,7,82,4,
0,0,8,89,3,
0,0,10,69,1,
0,0,19,84,
0,0,7,90,4,
0,0,8,78,4,
0,0,13,59,2,
0,0,9,59,
0,0,12,78,3,
0,0,10,86,
0,0,19,77,
0,0,14,87,4,
0,0,13,73,1,
0,0,16,81,2,
0,0,13,70,4,
0,0,13,87,2,
0,0,9,80,2,
0,0,10,76,1,
0,0,10,75,1,
0,0,17,66,3,
0,0,13,83,4,
0,0,9,96,3,
0,0,16,80,6,
0,0,20,79,1,
0,0,13,67,1,
0,0,12,85,
0,0,12,91,4,
0,0,10,98,
0,0,14,75,
0,0,14,62,5,
0,0,15,71,2,
0,0,13,69,3,
0,0,15,85,2,
0,0,7,73,
0,0,15,81,
0,0,8,106,
0,0,15,82,1,
0,0,5,85,
0,0,13,104,3,
0,0,13,77,3,
0,0,10,78,2,
0,0,10,81,2,
0,0,19,86,
0,0,10,85,3,
0,0,8,92,2,
0,0,22,84,3,
0,0,8,76,2,
0,0,16,80,2,
0,0,16,72,
0,0,15,77,2,
0,0,15,83,
0,0,13,91,3,
0,0,14,87,
0,0,10,84,3,
0,0,17,82,
0,0,12,80,2,
0,0,15,65,1,
0,0,12,75,2,
0,0,10,91,
0,0,14,72,3,
0,0,17,90,
0,0,13,92,
0,0,17,88,
0,0,17,81,3,
0,0,11,80,
0,0,7,65,2,
0,0,17,98,1,
0,0,10,83,1,
0,0,10,75,2,
0,0,15,95,1,
0,0,14,100,3,
0,0,8,81,3,
0,0,16,87,1,
0,0,11,86,1,
0,0,14,76,6,
0,0,7,73,
0,0,16,77,3,
0,0,13,87,1,
0,0,12,83,
0,0,8,74,6,
0,0,8,89,
0,0,17,88,2,
0,0,22,98,1,
0,0,11,88,
0,0,18,60,1,
0,0,19,99,
0,0,14,80,4,
0,0,21,103,4,
0,0,10,96,1,
0,0,15,88,6,
0,0,7,85,3,
0,0,12,66,4,
0,0,10,81,3,
0,0,16,81,
0,0,19,87,3,
0,0,13,72,1,
0,0,16,89,1,
0,0,11,95,1,
0,0,14,86,3,
0,0,17,90,1,
0,0,18,84,2,
0,0,11,72,3,
0,0,20,78,1,
0,0,12,84,3,
0,0,16,83,4,
0,0,8,94,
0,0,15,86,3,
0,0,17,83,
0,0,10,88,
0,0,10,78,3,
0,0,12,77,
0,0,11,96,1,
0,0,5,86,
0,0,9,85,2,
0,0,11,76,5,
0,0,12,75,6,
0,0,13,67,1,
0,0,12,93,1,
0,0,14,61,1,
0,0,9,79,6,
0,0,12,71,
0,0,10,80,1,
0,0,10,91,1,
0,0,14,78,
0,0,5,99,2,
0,0,16,94,6,
0,0,11,96,1,
0,0,10,96,1,
0,0,16,93,
0,0,10,79,2,
0,0,11,94,2,
0,0,9,69,5,
0,0,15,80,1,
0,0,9,95,3,
0,0,14,84,1,
0,0,7,72,2,
0,0,18,75,3,
0,0,9,69,2,
0,0,11,88,
0,0,14,69,2,
0,0,13,85,
0,0,11,99,1,
0,0,10,95,5,
0,0,16,98,1,
0,0,14,93,
0,0,17,95,4,
0,0,11,90,
0,0,13,79,4,
0,0,23,99,2,
0,0,15,83,2,
0,0,15,76,2,
0,0,9,78,
0,0,11,90,
0,0,11,76,1,
0,0,11,56,
0,0,9,66,
0,0,15,98,2,
0,0,9,93,1,
0,0,19,67,
0,0,11,76,
0,0,13,97,1,
0,0,14,86,1,
0,0,15,74,2,
0,0,15,74,2,
0,0,9,82,1,
0,0,9,67,
0,0,9,90,1,
0,0,8,86,2,
0,0,9,90,
0,0,9,90,5,
0,0,18,83,2,
0,0,10,88,
0,0,14,80,3,
0,0,12,83,2,
0,0,7,74,1,
0,0,11,78,2,
0,0,12,100,3,
0,0,7,87,2,
0,0,13,84,2,
0,0,14,72,
0,0,14,78,2,
0,0,12,87,
0,0,18,72,3,
0,0,14,93,3,
0,0,12,94,3,
0,0,8,85,2,
0,0,12,85,1,
0,0,20,91,
0,0,12,89,5,
0,0,4,88,3,
0,0,14,90,
0,0,9,86,2,
0,0,7,92,1,
0,0,11,71,1,
0,0,14,94,4,
0,0,9,96,
0,0,13,84,1,
0,0,11,66,3,
0,0,22,82,4,
0,0,10,89,3,
0,0,12,65,3,
0,0,11,93,2,
0,0,11,96,2,
0,0,12,88,3,
0,0,15,94,4,
0,0,10,76,6,
0,0,11,93,4,
0,0,13,84,
0,0,14,79,1,
0,0,19,90,9,
0,0,16,86,3,
0,0,15,75,
0,0,14,84,1,
0,0,15,81,1,
0,0,8,73,3,
0,0,11,90,1,
0,0,9,82,5,
0,0,13,84,4,
0,0,4,74,
0,0,20,83,1,
0,0,15,73,2,
0,0,17,76,1,
0,0,15,79,3,
0,0,11,99,1,
0,0,18,71,1,
0,0,8,82,2,
0,0,15,79,2,
0,0,16,80,
0,0,10,85,
0,0,12,74,3,
0,0,7,84,
0,0,15,85,1,
0,0,13,85,2,
0,0,16,71,2,
0,0,14,77,
0,0,12,88,4,
0,0,18,80,
0,0,19,81,4,
0,0,15,87,3,
0,0,11,92,1,
0,0,16,95,1,
0,0,17,96,3,
0,0,19,81,2,
0,0,14,87,2,
0,0,16,85,1,
0,0,12,94,3,
0,0,8,84,6,
0,0,14,90,4,
0,0,12,97,1,
0,0,9,68,1,
0,0,8,59,1,
0,0,12,73,2,
0,0,14,58,5,
0,0,13,63,1,
0,0,8,62,1,
0,0,7,64,2,
0,0,10,77,
0,0,10,68,1,
0,0,15,78,1,
0,0,8,69,2,
0,0,4,61,
0,0,11,64,2,
0,0,10,57,3,
0,0,5,59,1,
0,0,14,83,1,
0,0,10,58,
0,0,11,56,
0,0,8,60,
0,0,13,63,2,
0,0,14,72,
0,0,10,59,1,
0,0,8,65,
0,0,10,67,1,
0,0,11,61,1,
0,0,11,61,
0,0,8,71,
0,0,9,58,2,
0,0,8,75,1,
0,0,7,70,2,
0,0,9,46,
0,0,13,60,1,
0,0,9,70,2,
0,0,8,73,1,
0,0,11,78,1,
0,0,13,59,
0,0,11,78,2,
0,0,12,48,
0,0,14,74,1,
0,0,9,69,
0,0,5,66,2,
0,0,5,85,2,
0,0,9,59,1,
0,0,13,75,2,
0,0,13,77,2,
0,0,9,60,
0,0,14,81,1,
0,0,14,69,3,
0,0,11,67,
0,0,9,80,1,
0,0,6,67,2,
0,0,13,70,1,
0,0,12,66,2,
0,0,6,57,
0,0,12,70,2,
0,0,14,58,
0,0,3,84,
0,0,12,61,
0,0,19,60,1,
0,0,6,65,4,
0,0,11,61,1,
0,0,10,66,3,
0,0,9,56,
0,0,10,57,
0,0,7,84,2,
0,0,14,68,
0,0,11,73,
0,0,8,67,2,
0,0,11,59,1,
0,0,12,72,2,
0,0,5,72,
0,0,13,73,
0,0,8,64,1,
0,0,8,67,2,
0,0,15,52,
0,0,8,65,3,
0,0,8,74,
0,0,5,77,1,
0,0,7,74,2,
0,0,12,70,2,
0,0,7,66,1,
0,0,12,75,
0,0,8,73,1,
0,0,9,65,2,
0,0,15,68,1,
0,0,9,67,2,
0,0,15,80,1,
1,59,13,92,78,9,
0,0,16,62,1,
0,0,9,75,3,
0,0,12,73,
0,0,12,57,2,
0,0,12,65,2,
0,0,16,65,2,
0,0,8,66,
0,0,6,60,
0,0,7,70,
0,0,10,72,4,
0,0,17,53,3,
0,0,13,67,2,
0,0,14,66,3,
0,0,10,55,3,
0,0,8,80,
0,0,8,67,1,
0,0,10,70,1,
0,0,15,73,
0,0,15,67,2,
0,0,17,63,
0,0,12,61,1,
0,0,3,73,2,
0,0,10,70,2,
0,0,11,64,2,
0,0,10,55,4,
0,0,8,71,2,
0,0,15,60,
0,0,4,71,3,
0,0,11,52,6,
0,0,11,57,1,
0,0,14,57,
0,0,13,57,
0,0,13,59,3,
0,0,11,76,
0,0,12,50,2,
0,0,9,66,2,
0,0,10,74,1,
0,0,8,67,2,
0,0,15,92,
0,0,9,57,3,
0,0,12,48,
0,0,8,46,1,
0,0,7,56,
0,0,7,53,
0,0,13,64,1,
0,0,15,60,
0,0,11,54,
0,0,12,51,3,
0,0,16,51,
0,0,15,59,1,
0,0,3,46,2,
0,0,9,54,1,
0,0,6,68,
0,0,4,52,2,
0,0,11,58,1,
0,0,7,53,
0,0,8,48,
0,0,14,58,
0,0,5,49,
0,0,13,45,3,
0,0,10,47,4,
0,0,9,45,
0,0,8,57,
0,0,8,47,
0,0,15,105,6,
0,0,7,86,3,
0,0,20,91,4,
0,0,14,82,2,
0,0,14,92,1,
0,0,13,104,5,
0,0,17,104,2,
0,0,12,98,
0,0,12,95,5,
0,0,11,93,1,
0,0,13,78,
0,0,17,96,
0,0,13,99,3,
0,0,11,103,4,
0,0,14,98,2,
